BLR-WIP

            training	training 95% CI	validation	validation 95% CI	testing	testing 95% CI
Sensitivity	0.8544	[0.8276, 0.8803]	0.6661	[0.6098, 0.7236]	    0.6025	[0.5364, 0.6727]
Specificity	0.9292	[0.9138, 0.943]	  0.7871	[0.7391, 0.8309]	    0.8356	[0.775, 0.8875]
AUC	        0.9587	[0.9539, 0.9631]	0.7340	[0.6912, 0.7755]	    0.7107	[0.6573, 0.7641]
Accuracy	  0.9012	[0.8899, 0.9119]	0.7420	[0.7061, 0.7758]	    0.7006	[0.6526, 0.7474]
F1 Score	  0.8662	[0.8498, 0.8813]	0.6580	[0.6104, 0.7036]	    0.6993	[0.6448, 0.7513]
Log Loss	  0.2739	[0.2604, 0.289]	  2.7855	[2.1927, 3.3933]	    3.8502	[2.9962, 4.7083]
PPV	        0.8785	[0.8563, 0.8994]	0.6508	[0.5985, 0.704]	      0.8349	[0.7816, 0.8873]
NPV	        0.9144	[0.9001, 0.9277]	0.7988	[0.7685, 0.8291]	    0.6051	[0.5625, 0.6505]

BLR-RHS Complete

            training	training 95% CI	  validation	validation 95% CI	testing	testing 95% CI
Sensitivity	0.8093	  [0.7566, 0.8519]	0.7690	    [0.7073, 0.8211]	0.6928	[0.6273, 0.7545]
Specificity	0.9245	  [0.9114, 0.9381]	0.8864	    [0.8599, 0.9082]	0.8954	[0.8625, 0.925]
AUC	        0.9356	  [0.9276, 0.9432]	0.8660	    [0.8383, 0.8899]	0.8164	[0.7765, 0.8528]
Accuracy	  0.8814	  [0.8648, 0.8952]	0.8427	    [0.8182, 0.8636]	0.7781	[0.7368, 0.8158]
F1 Score	  0.8361	  [0.8074, 0.8583]	0.7845	    [0.7436, 0.8178]	0.7829	[0.734, 0.8235]
Log Loss	  0.3461	  [0.3271, 0.3657]	0.7708	    [0.562, 1.0571]	  1.3362	[0.891, 1.8142]
PPV	        0.8652	  [0.8474, 0.8831]	0.8011	    [0.7652, 0.8333]	0.9011	[0.8706, 0.9294]
NPV	        0.8904	  [0.8643, 0.9117]	0.8662	    [0.8356, 0.8916]	0.6802	[0.6339, 0.7228]


BLR-RHS N=1000

            training	training 95% CI	  validation	validation 95% CI	
Sensitivity	0.8324	[0.7793, 0.8763]	  0.7562	    [0.6667, 0.84]	
Specificity	0.9276	[0.912, 0.944]	    0.8737	    [0.832, 0.904]	
AUC	        0.9478	[0.9375, 0.9567]	  0.8483	    [0.8013, 0.891]	
Accuracy	  0.8920	[0.8736, 0.9074]	  0.8296	    [0.79, 0.865]	
F1 Score	  0.8521	[0.8229, 0.8758]	  0.7685	    [0.7083, 0.8235]	
Log Loss	  0.3013	[0.2743, 0.3293]	  0.7758	    [0.5188, 1.1413]	
PPV	        0.8732	[0.8503, 0.8962]	  0.7828	    [0.7284, 0.8289]	
NPV	        0.9027	[0.8762, 0.9249]	  0.8572	    [0.8134, 0.9016]	


BLR-RHS N=500

            training	training 95% CI	  validation	validation 95% CI	
Sensitivity	0.8122	  [0.68, 0.8933]	  0.6431	    [0.4865, 0.7568]	
Specificity	0.9228	  [0.8996, 0.9438]	0.9205	    [0.8571, 0.9683]	
AUC	        0.9449	  [0.9308, 0.9575]	0.8451	    [0.7718, 0.9095]	
Accuracy	  0.8812	  [0.8396, 0.9098]	0.8179	    [0.75, 0.87]	
F1 Score	  0.8363	  [0.7597, 0.8795]	0.7218	    [0.6, 0.806]	
Log Loss	  0.3081	  [0.273, 0.3436]	  0.5891	    [0.3766, 1.1131]	
PPV	        0.8642	  [0.8333, 0.8943]	0.8291	    [0.7097, 0.9259]	
NPV	        0.8918	  [0.8281, 0.9342]	0.8154	    [0.7532, 0.8657]	

BLR-RHS N=300

            training	training 95% CI	  validation	validation 95% CI	
Sensitivity	0.9168	  [0.8667, 0.9444]	0.7121	    [0.5909, 0.8182]	
Specificity	0.9482	  [0.9262, 0.9732]	0.9238	    [0.8684, 0.9737]	
AUC	        0.9735	  [0.9588, 0.9854]	0.8171	    [0.7069, 0.9294]	
Accuracy	  0.9364	  [0.9163, 0.9582]	0.8462	    [0.7833, 0.9]	
F1 Score	  0.9156	  [0.8852, 0.9438]	0.7714	    [0.6667, 0.8571]	
Log Loss	  0.1855  	[0.1448, 0.2304]	1.4428	    [0.3889, 2.9101]	
PPV	        0.9149	  [0.8791, 0.9545]	0.8454	    [0.7368, 0.9231]	
NPV	        0.9498	  [0.9226, 0.9662]	0.8480	    [0.7907, 0.9]	


FLR-NoPen

            training	training 95% CI	validation	validation 95% CI	testing	testing 95% CI
Sensitivity	0.8196	[0.7808, 0.857]	  0.6912	    [0.6341, 0.748]	  0.6170	[0.5636, 0.6818]
Specificity	0.9123	[0.8956, 0.9296]	0.8308	    [0.7971, 0.8599]	0.8582	[0.8, 0.9066]
AUC	        0.9243	[0.9112, 0.9354]	0.8024	    [0.7701, 0.8337]	0.7715	[0.7261, 0.8167]
Accuracy	  0.8776	[0.8603, 0.8937]	0.7788	    [0.7455, 0.8061]	0.7186	[0.6789, 0.7607]
F1 Score	  0.8336	[0.8075, 0.8576]	0.6995	    [0.6556, 0.7398]	0.7171	[0.6703, 0.7634]
Log Loss	  0.4049	[0.3541, 0.4579]	0.9644	    [0.7789, 1.1868]	1.3543	[1.0425, 1.7232]
PPV	        0.8485	[0.8249, 0.8717]	0.7087	    [0.6612, 0.75]	  0.8572	[0.8121, 0.902]
NPV	        0.8943	[0.8745, 0.9136]	0.8193	    [0.7917, 0.8462]	0.6202	[0.5822, 0.6606]


FLR-LASSO Complete

            training	training 95% CI	  validation	validation 95% CI	testing	testing 95% CI
Sensitivity	0.8047	  [0.7495, 0.854]	  0.7233	    [0.6585, 0.7886]	0.6221	[0.5455, 0.6909]
Specificity	0.9336	  [0.9175, 0.9466]	0.8848	    [0.8477, 0.913]	  0.9004	[0.8625, 0.9375]
AUC	        0.9321	  [0.9223, 0.9409]	0.8591	    [0.8242, 0.8858]	0.8100	[0.7666, 0.8489]
Accuracy	  0.8853	  [0.8679, 0.9013]	0.8246	    [0.7909, 0.8545]	0.7393	[0.6947, 0.7789]
F1 Score	  0.8399	  [0.8108, 0.8656]	0.7544	    [0.7039, 0.8017]	0.7337	[0.676, 0.7857]
Log Loss	  0.3606	  [0.3364, 0.3895]	0.6074	    [0.4939, 0.7611]	1.0233	[0.724, 1.379]
PPV	        0.8790	  [0.8582, 0.8996]	0.7890	    [0.7354, 0.8319]	0.8958	[0.8562, 0.9301]
NPV	        0.8890	  [0.8619, 0.914]	  0.8436	    [0.813, 0.8768]	  0.6348	[0.5917, 0.6822]


FLR-LASSO N=1000

            training	training 95% CI	  validation	validation 95% CI	
Sensitivity	0.7949	  [0.7358, 0.8528]	0.7138	    [0.6267, 0.8]	
Specificity	0.9347	  [0.912, 0.954]	  0.8793	    [0.848, 0.904]	
AUC	        0.9339	  [0.9203, 0.9477]	0.8845	    [0.8493, 0.9139]	
Accuracy	  0.8824	  [0.8592, 0.9049]	0.8172	    [0.78, 0.855]	
F1 Score	  0.8347	  [0.7985, 0.8694]	0.7448	    [0.6863, 0.8066]	
Log Loss	  0.3495	  [0.3135, 0.3842]	0.4543	    [0.3904, 0.5318]	
PPV	        0.8796	  [0.8446, 0.9102]	0.7803	    [0.7313, 0.8219]	
NPV	        0.8843	  [0.8556, 0.9137]	0.8373	    [0.7971, 0.8819]	


FLR-LASSO N=500

            training	training 95% CI	  validation	validation 95% CI	
Sensitivity	0.7937	  [0.7, 0.8568]	    0.6067	    [0.4595, 0.7297]	
Specificity	0.9294	  [0.8956, 0.9598]	0.9294	    [0.8413, 0.9841]	
AUC	        0.9352	  [0.9137, 0.9529]	0.8580	    [0.7876, 0.9187]	
Accuracy	  0.8784	  [0.8521, 0.8997]	0.8100	    [0.74, 0.87]	
F1 Score	  0.8303	  [0.7823, 0.8639]	0.7011	    [0.5854, 0.8029]	
Log Loss	  0.3396	  [0.2937, 0.4]	    0.5969	    [0.3746, 0.8786]	
PPV	        0.8725	  [0.8225, 0.9181]	0.8402	    [0.6897, 0.9583]	
NPV	        0.8826	  [0.8398, 0.9137]	0.8019	    [0.7468, 0.8571]	

FLR-LASSO N=300

            training	training 95% CI	  validation	validation 95% CI	
Sensitivity	0.8114	[0.6942, 0.9058]	  0.5654	    [0.4091, 0.7273]	
Specificity	0.9281	[0.8591, 0.9732]	  0.8521	    [0.7105, 0.9737]	
AUC	        0.9361	[0.9045, 0.959]	    0.7916	    [0.6962, 0.8858]	
Accuracy	  0.8841	[0.8452, 0.9163]	  0.7470	    [0.65, 0.8421]	
F1 Score	  0.8400	[0.7815, 0.8876]	  0.6207	    [0.5, 0.7692]	
Log Loss	  0.3548	[0.298, 0.4429]	    0.7716	    [0.4264, 1.4031]	
PPV	        0.8757	[0.7889, 0.9487]	  0.7027	    [0.52, 0.9201]	
NPV	        0.8920	[0.8377, 0.9396]	  0.7727	    [0.7126, 0.8437]	


